400,86447.5139521921
401,88829.8635075788
402,91607.9171738337
403,94628.6195873187
404,97889.9944233963
405,101320.893995095
406,104966.114994212
407,108848.055766646
408,112976.378343959
409,116945.71658372
410,121174.392534322
411,125652.085389322
412,130271.195251757
413,135151.179966419
414,140252.293448918
415,145820.697912509
416,151914.145954948
417,158295.698211294
418,164944.273885407
419,171769.401227187
420,178674.24032937
421,185759.803340123
422,192419.578187185
423,198667.838326274
424,204896.115627355
425,210908.314768008
426,216668.422721492
427,222220.577404725
428,227045.444621147
429,230223.594230799
430,232354.95055715
431,231541.143989516
432,227910.416037744
433,220556.951242718
434,210115.808588139
435,197114.886343999
436,180935.155715328
437,163657.02777114
438,145698.604968201
439,128170.362161483
440,111585.26539038
441,95809.8029460087
442,82593.0221330655
443,70634.5013396973
444,60429.8588668078
445,51670.7880708571
446,43723.3938037641
447,38172.3370786631
448,33061.3639321361
449,28845.5340916813
450,25289.59904788
451,22305.3927627114
452,19775.7191851374
453,17645.4168985932
454,15855.4596738882
455,14337.0055361295
456,13080.8535961687
457,11988.4511320538
458,11059.6883479716
459,10275.4607724206
460,9592.11359006203
461,9013.16026691913
462,8526.89656930198
463,8069.79463967776
464,7700.17801403235
465,7390.77341236031
466,7142.54703781804
467,6931.1022607066
468,6739.17917918682
469,6588.36365013901
470,6464.18458537995
471,6360.3397052304
472,6279.5519458584
473,6214.70653856689
474,6175.68510654622
475,6144.70072805371
476,6127.04556128692
477,6121.05070988475
478,6119.82099677661
479,6131.67894460508
480,6149.90504960066
481,6174.1260059984
482,6201.39928600383
483,6235.69949805577
484,6276.56549973865
485,6312.51264898897
486,6356.91407585773
487,6452.48035169
488,6503.53540484029
489,6570.26930011932
490,6645.45747301677
491,6732.21812462828
492,6821.61387575723
493,6924.07532866011
494,7028.11784127346
495,7141.05381475815
496,7262.02684177101
497,7389.12647516193
498,7527.33744485134
499,7669.78653293128
500,7820.20679705148
501,7978.57627804926
502,8142.56730468424
503,8315.03456810028
504,8487.91905560661
505,8673.58377577246
506,8853.49519532528
507,9038.47918144913
508,9230.07287552924
509,9412.66331292477
510,9597.16419747043
511,9781.35765373908
512,9958.91944288884
513,10143.8155923621
514,10322.4753396441
515,10503.1114115642
516,10687.7001327605
517,10874.5286885466
518,11065.6392810485
519,11264.0622747112
520,11468.5459972641
521,11685.4586058742
522,11912.8676942288
523,12145.1956350159
524,12390.8967058539
525,12649.3999685142
526,12917.279793624
527,13193.6578146776
528,13498.0557272665
529,13805.8133917401
530,14135.6400146723
531,14481.7603362872
532,14846.5679053133
533,15221.5425666442
534,15625.3276493656
535,16047.0753271309
536,16492.0777581376
537,16967.9328126609
538,17436.1021602583
539,17927.0870778442
540,18425.011090826
541,18931.7407280286
542,19424.4604194634
543,19905.9370196239
544,20384.4710919899
545,20833.470090598
546,21245.3581043356
547,21637.4609125298
548,21990.9814719562
549,22300.957011857
550,22573.0310370321
551,22789.6142582025
552,22965.024049413
553,23091.5966629004
554,23141.5098395931
555,23155.9370094511
556,23129.3444634876
557,23066.2997075331
558,22940.2101956239
559,22787.9892801668
560,22616.619974883
561,22422.8303645383
562,22198.8908238817
563,21954.9464860553
564,21678.985689092
565,21386.1822143798
566,21062.6139528016
567,20727.2097025575
568,20384.9761527308
569,20006.2464745876
570,19619.2601512897
571,19212.4007857979
572,18819.8587943509
573,18383.1788859867
574,17958.9059045172
575,17567.4179528771
576,17149.5570469
577,16738.0642980901
578,16362.979840946
579,16004.1671233221
580,15624.4273236972
581,15261.5960793092
582,14935.0633307738
583,14610.5288660392
584,14230.1083323723
585,13847.9530248564
586,13476.1185237838
587,13036.4521693
588,12610.8835972344
589,12139.3984160775
590,11624.8952352985
591,11111.7315634409
592,10541.0788037779
593,9989.92578054397
594,9414.71429871586
595,8861.44441220284
596,8324.91619129068
597,7782.16913551729
598,7268.06561149849
599,6768.57810613635
600,6308.9640483055
601,5868.95952271692
602,5473.7429052596
603,5104.36783040333
604,4784.47114081935
605,4490.8288260941
606,4230.70497723061
607,3999.54526389624
608,3799.65979000128
609,3618.65041231622
610,3452.54252240224
611,3313.45757803954
612,3187.07820518341
613,3072.23178454857
614,2972.52840247393
615,2881.39787749601
616,2799.79762910614
617,2725.86991214452
618,2658.73636010536
619,2600.69829323388
620,2547.49563397689
621,2497.60880827934
622,2452.32462307223
623,2411.47618871948
624,2372.57333617709
625,2330.3282990801
626,2289.73459101402
627,2249.83040065502
628,2212.76772594231
629,2177.277327275
630,2140.45181151886
631,2106.01545265853
632,2072.44428480642
633,2040.78356410445
634,2010.61606646236
635,1981.57287794771
636,1953.08745216425
637,1932.13072529372
638,1906.50548044481
639,1871.9000360321
640,1797.46176853899
641,1818.03091618882
642,1804.0604969139
643,1789.67724538124
644,1769.84482763815
645,1753.5050147138
646,1738.30158845634
647,1723.53624749365
648,1710.099435871
649,1690.39877310378
650,1677.2331571398
651,1666.60931425202
652,1651.89228344715
653,1638.19964757968
654,1625.24374161896
655,1611.52146088192
656,1597.84858826084
657,1587.58597359857
658,1571.41744214285
659,1560.06126118084
660,1549.31444698224
661,1534.88178733363
662,1519.65310803912
663,1505.36428090583
664,1487.21613093764
665,1469.91231077316
666,1453.8513792144
667,1436.06775134612
668,1416.40332119726
669,1398.13219991825
670,1377.59708897052
671,1358.57057249651
672,1338.38351427671
673,1318.25354987978
674,1297.90069998199
675,1277.55114395861
676,1257.07422479188
677,1237.81933302637
678,1217.65972375986
679,1197.81413051919
680,1178.21118602574
681,1158.61812315549
682,1139.0986234801
683,1120.52775963098
684,1101.4781860362
685,1083.05664449307
686,1065.46955113046
687,1048.27113494668
688,1030.91241687558
689,1014.61322840212
690,998.590725377989
691,983.478429645504
692,968.655994859939
693,954.093776151719
694,940.45823410713
695,927.217956990156
696,914.598026217912
697,902.028601519752
698,890.02572321784
699,878.962697077147
700,867.528561087748
701,857.075999668593
702,846.767270764765
703,836.511243851285
704,826.444065736555
705,816.909397315974
706,807.356063607143
707,798.178231579547
708,788.841195622772
709,779.933461295713
710,770.830290421111
711,761.851188815455
712,753.080699254929
713,744.159789430283
714,735.427728404386
715,726.650651095065
716,717.952626771269
717,709.380867632683
718,701.081402110898
719,692.982862927317
720,685.04572358918
721,677.339155458818
722,670.438488597538
723,663.733258283801
724,657.294831796203
725,651.173715208831
726,645.547777739109
727,640.578419232481
728,636.143766336266
729,632.422786226024
730,629.304585130393
731,626.536632678956
732,624.808446578771
733,624.023406514203
734,623.591908968223
735,624.298994005401
736,625.536392820463
737,627.625807146162
738,630.645192009888
739,634.269551804492
740,638.781061769965
741,644.24889326864
742,649.944002100695
743,656.899566868588
744,664.302000596313
745,672.509237634988
746,680.977788709141
747,690.072175918685
748,699.585983134754
749,709.028423072226
750,718.509291544327
751,728.00553143028
752,737.036237068152
753,745.785865424166
754,753.015919725125
755,759.121664898646
756,763.859354239366
757,766.576800616719
758,767.30913869094
759,766.126637782492
760,762.952440822115
761,757.710788698687
762,750.307257012829
763,741.099780115662
764,730.128982458078
765,717.805500381546
766,704.581692636556
767,690.41364089782
768,675.144337152422
769,659.709241729053
770,644.424566569803
771,628.765487687451
772,613.528024727889
773,598.480508525209
774,584.064318248581
775,570.112564261901
776,556.868993270529
777,544.151344224514
778,532.057335397624
779,520.794480876859
780,510.372662285407
781,500.401006528184
782,491.260505077085
783,482.510876721071
784,474.600088378108
785,467.449087062673
786,460.673587428471
787,454.261511936047
788,448.386337970302
789,443.097473647185
790,438.202776293552
791,433.268552447157
792,428.923932117787
793,424.785727917284
794,420.844058222455
795,417.173584186296
796,413.986211728334
797,410.62865575987
798,407.775062574115
799,404.920371430229
800,402.300643326646
801,399.619429567657
802,397.422415344996
803,395.161719550665
804,393.219431614689
805,391.210168232646
806,389.263488464141
807,387.490286080534
808,385.691830659886
809,384.352321738524
810,382.780045693122
811,381.522883631679
812,380.208627747359
813,378.81751479378
814,377.721752577781
815,376.594149575946
816,375.721272860796
817,374.645273891177
818,373.646131990816
819,372.739218573565
820,371.881713272267
821,371.090085458905
822,370.278694399162
823,369.501340041518
824,368.851348827219
825,368.158537245759
826,367.337264562827
827,366.524775544951
828,366.037282134226
829,365.388388878058
830,364.866858765232
831,364.249806294899
832,363.662398694138
833,363.267133766523
834,362.589693598916
835,362.143922597217
836,361.626784316921
837,361.309474416696
838,360.746221894844
839,360.240063195871
840,360.016079736889
841,359.495647582195
842,359.168456058781
843,358.805031917002
844,358.482232226115
845,358.278012013515
846,357.925567453057
847,357.688408496488
848,357.410625089026
849,357.305221108329
850,357.232755871599