2.137985811401653109e+02 1.408867168768158784e+01 3.361878971779962200e+01
2.138534012741933452e+02 1.414440253549164517e+01 3.367426266436167737e+01
2.139608252033994518e+02 1.424665635061674607e+01 3.377941383881977799e+01
2.145898382878581003e+02 1.482615844001982630e+01 3.438141378240388235e+01
2.150729638897955738e+02 1.510114967540710040e+01 3.473173636044923285e+01
2.150959231454280882e+02 1.519461671441869477e+01 3.484095552412384222e+01
2.148427366546178519e+02 1.524590279540774596e+01 3.496700475908397010e+01
2.147094460361787185e+02 1.516829668314816892e+01 3.502948939582602605e+01
2.147549917995462465e+02 1.491228133802391298e+01 3.530831691227730573e+01
2.151634973021111534e+02 1.494964276647444912e+01 3.576924285835176676e+01
2.155325257800505199e+02 1.515461582788315376e+01 3.608374537087408385e+01
2.158814480349133760e+02 1.531095838521581065e+01 3.632446999278682398e+01
2.162781626147962868e+02 1.545219558585895214e+01 3.654687959638454942e+01
2.165836808955620825e+02 1.554398022219804432e+01 3.676479003211676400e+01
2.168251147459068306e+02 1.574529632450424543e+01 3.691308123486341231e+01
2.169975841906534981e+02 1.582972271586132962e+01 3.697740744770447918e+01
2.169448736082399307e+02 1.575697038568325681e+01 3.687566943507537331e+01
2.170113557143260152e+02 1.575051479506925034e+01 3.685517031556635459e+01
2.171839057532126844e+02 1.590209826843490148e+01 3.689677905519489798e+01
2.173381367440773317e+02 1.598382475610198306e+01 3.695245550196045059e+01
2.174456352228629328e+02 1.603378506348803256e+01 3.699240803201199412e+01
2.175261346647485254e+02 1.609195589888659228e+01 3.701362242451351392e+01
2.176468324488126598e+02 1.620576892854120743e+01 3.716110164129965909e+01
2.179443154938204543e+02 1.641018589038391085e+01 3.742757810579593070e+01
2.180551606442695629e+02 1.635358059615485260e+01 3.744368887438194093e+01
2.181802911060336783e+02 1.633290013983083355e+01 3.751557078784801291e+01
2.183822882288228868e+02 1.642042739072442004e+01 3.764461006540214782e+01
2.186522886720906627e+02 1.659188739386759082e+01 3.784645405932534601e+01
2.187266307216802375e+02 1.663465064455163400e+01 3.792565593555692516e+01
2.179284968789919219e+02 1.636150702982386207e+01 3.734863010110534987e+01
2.154863715309259931e+02 1.547533013374597566e+01 3.584553125642234761e+01
2.142127020394347028e+02 1.486977397373436993e+01 3.514490020430614692e+01
2.136697896895916813e+02 1.443163602074493213e+01 3.485622811365385587e+01
2.135622186760800503e+02 1.423172225647473255e+01 3.478857336283078894e+01
2.138399924241508359e+02 1.419769339571319833e+01 3.492243015510342019e+01
2.143341352450263457e+02 1.438087984622638160e+01 3.520836204499570954e+01
2.151105207590356088e+02 1.467605588397667660e+01 3.573486341308123571e+01
2.159376745366844261e+02 1.509329980617109257e+01 3.621076778007471120e+01
2.164918559621529823e+02 1.536255273879036309e+01 3.657360259835507321e+01
2.168360151033418219e+02 1.555335332068005272e+01 3.680440608163380745e+01
2.169104981926764140e+02 1.565141019596465100e+01 3.679022151299378862e+01
2.167844952993467871e+02 1.558518397627308438e+01 3.668106480977768058e+01
2.165736348360110810e+02 1.548628086251848579e+01 3.654186462602304175e+01
2.163051616516962952e+02 1.535861571505135892e+01 3.634610750452334571e+01
2.160125142550885187e+02 1.523807710441373864e+01 3.611214070124961495e+01
2.161131884250696089e+02 1.535566193982035621e+01 3.627962539843728251e+01
2.163961564654634060e+02 1.551554862445951599e+01 3.645080735179745091e+01
2.167367996872947344e+02 1.558965292133608926e+01 3.662277106831562179e+01
2.170873600180530900e+02 1.569148966178669191e+01 3.684288575377684083e+01
2.174360646687379415e+02 1.577860588256627850e+01 3.706300446894505995e+01
2.178479289320873420e+02 1.597458463795097394e+01 3.734059083564034154e+01
2.182647275716582556e+02 1.616082762122366034e+01 3.758754538457508687e+01
2.185351692678425479e+02 1.632404485869832556e+01 3.779272597589429239e+01
2.187396950317742323e+02 1.637477282526787548e+01 3.792113057459592085e+01
2.188465205494908332e+02 1.639615848031689538e+01 3.803200191814052999e+01
2.189638414390889523e+02 1.640064152935440234e+01 3.806659493788206561e+01
2.191051672932861152e+02 1.647689970462247544e+01 3.813062698211213331e+01
2.191256785019161271e+02 1.655952078724356014e+01 3.814747921678614517e+01
2.190685614348980721e+02 1.659667871549059726e+01 3.811694209714011805e+01
2.190782810881820808e+02 1.666626369596666635e+01 3.808266339454458205e+01
2.188948629295163926e+02 1.667710360779667766e+01 3.790671026809640409e+01
2.183048211414547950e+02 1.642529326192692452e+01 3.747025471777946848e+01
2.165768505421970644e+02 1.570249076189670312e+01 3.641202343677591102e+01
2.153772611693403860e+02 1.508973956003658934e+01 3.563313144501262997e+01
2.150446934803370311e+02 1.487111788101887200e+01 3.540083092558339928e+01
2.149533984533984494e+02 1.481615267753881682e+01 3.536127733652486427e+01
2.151636645349516641e+02 1.497977893027398011e+01 3.553829833532803661e+01
2.156056830957820978e+02 1.524879411018024911e+01 3.596821165633046746e+01
2.162435010900357497e+02 1.561215480522411170e+01 3.650741869058700928e+01
2.169027067541919109e+02 1.596480655391546399e+01 3.711532618463311195e+01
2.174629589332559760e+02 1.626846109519376782e+01 3.743645555031693561e+01
2.175745374903790719e+02 1.630847407085030909e+01 3.750775114141450928e+01
2.175519993391280593e+02 1.620491261580370335e+01 3.738079522237938335e+01
2.173107166027958215e+02 1.611093783371011057e+01 3.713316771237563074e+01
2.169080138783108964e+02 1.587672924801637642e+01 3.684622638087984825e+01
2.166305625068001177e+02 1.568383926304718301e+01 3.664998569454014898e+01
2.166046877581530907e+02 1.563674206248463605e+01 3.661007950611911355e+01
2.167432028917177433e+02 1.571054211648270993e+01 3.667318270288567561e+01
2.172052188735356992e+02 1.596720422958046726e+01 3.701166197205801467e+01
2.175080453100254942e+02 1.614934900083414959e+01 3.719435276861019446e+01
2.177540851154712414e+02 1.616419645627566481e+01 3.728486401753728785e+01
2.179873608239944929e+02 1.617069234395967214e+01 3.739065188570138787e+01
2.182365699939957437e+02 1.635411453233235335e+01 3.761855397994011696e+01
2.184877053639429789e+02 1.654126621453353962e+01 3.783641202948133753e+01
2.186421338104506447e+02 1.656239598318806117e+01 3.795159112980895344e+01
2.185622448691755721e+02 1.650776323053550954e+01 3.786179313902086108e+01
2.186246871939941343e+02 1.660707938925760629e+01 3.792014934094142120e+01
2.187086622581672088e+02 1.674349504547524248e+01 3.787817994253637721e+01
2.187951679783363090e+02 1.676092957281075968e+01 3.782442768086332308e+01
2.188643177504563653e+02 1.679087231067429187e+01 3.775643846435925610e+01
2.186481259847596448e+02 1.671234138065821284e+01 3.757011891665356984e+01
2.175998601691671013e+02 1.632687975757282572e+01 3.689315836345539168e+01
2.161033257171870900e+02 1.571134604302921112e+01 3.599479764826299544e+01
2.149481779679799445e+02 1.526371813005476419e+01 3.535848273472036141e+01
2.144618950906079533e+02 1.491610552996691652e+01 3.503402080134753049e+01
2.143684804377873547e+02 1.476315195622126275e+01 3.497684127387097419e+01
2.145397852972110400e+02 1.485797700649185771e+01 3.509061400645558848e+01
2.149223636649379330e+02 1.499781388395249770e+01 3.532324697671232627e+01
2.154341062311359281e+02 1.517280391042767285e+01 3.564724750863364733e+01
2.157381556837002279e+02 1.525104671639325105e+01 3.591914191419142099e+01
2.162382342629867367e+02 1.554291839440354295e+01 3.633520110252783297e+01
2.165486526674645518e+02 1.573023126488473089e+01 3.655051439209854891e+01
2.165925603549365803e+02 1.580394870988930478e+01 3.660150025991610079e+01
2.164137642701999198e+02 1.574753079703574699e+01 3.646846149816446570e+01
2.160697904955330557e+02 1.563651841374613660e+01 3.616301776697816450e+01
2.159325427048199231e+02 1.558684421555708610e+01 3.604081891705654073e+01
2.160421910322900487e+02 1.566980782327316923e+01 3.610647291835410755e+01
2.161929746088162005e+02 1.569627090914219636e+01 3.621351604024871307e+01
2.164217914465439208e+02 1.588425875554588451e+01 3.640750613522890689e+01
2.168256668157658282e+02 1.609416820802959336e+01 3.666350737637866075e+01
2.171456114475916479e+02 1.616689434511216561e+01 3.687201852053337348e+01
2.174445693653614455e+02 1.634571057838384434e+01 3.711801601405561968e+01
2.176544445653356661e+02 1.648434660315848532e+01 3.723438992250873270e+01
2.176924809697086971e+02 1.646011396011396144e+01 3.725142953855824857e+01
2.177549474727692598e+02 1.656318177605306374e+01 3.728876477391328592e+01
2.178298355476573249e+02 1.655359308824655429e+01 3.730780110978130892e+01
2.179655278714684528e+02 1.651203270510201193e+01 3.731603783088931436e+01
2.181118646663201162e+02 1.655725407705605789e+01 3.739841108652989732e+01
2.182693697941222695e+02 1.666096866096865980e+01 3.746044036638095776e+01
2.184837159540129790e+02 1.674888477858774749e+01 3.755268035961105255e+01
2.179095935234549017e+02 1.652990445564703137e+01 3.712649451758362318e+01
2.163749642363503654e+02 1.589148402019689144e+01 3.622060630971522244e+01
2.149566766200429697e+02 1.518851976772768886e+01 3.529292141668378946e+01
2.142822346337197814e+02 1.483762094158133849e+01 3.488583638583638447e+01
2.140209544764000213e+02 1.472929032830022855e+01 3.471872040683921767e+01
2.141476786872826494e+02 1.471834967379521864e+01 3.479939111127229978e+01
2.144117997880373991e+02 1.480746664410030711e+01 3.497703067009997824e+01
2.147831876594252947e+02 1.498981290070399019e+01 3.521930269950071590e+01
2.153623915505103525e+02 1.524942475932575014e+01 3.570040538852420298e+01
2.159126681898959248e+02 1.553658369499953729e+01 3.607890972247408001e+01
2.162986133778213116e+02 1.579352587273379349e+01 3.635306882336585232e+01
2.164171915360034291e+02 1.591650447095991616e+01 3.646723848208996799e+01
2.162720817869332848e+02 1.581866721470681902e+01 3.635241399597835255e+01
2.162314845037617204e+02 1.568981733338168993e+01 3.631464959682781313e+01
2.160716260270715736e+02 1.561751028582711776e+01 3.616089008168216168e+01
2.159289058942524377e+02 1.555286169642605287e+01 3.610743400347360677e+01
2.159273181896944322e+02 1.553539291658103494e+01 3.611804825171162037e+01
2.161129486575031251e+02 1.560041022417260059e+01 3.623235089076673177e+01
2.163797535431198753e+02 1.574535878496274499e+01 3.634788057560334806e+01
2.166206071156566111e+02 1.594999335098344950e+01 3.646602554028296339e+01
2.166791265207106676e+02 1.601137384800751207e+01 3.649579298589199539e+01
2.168228319168913174e+02 1.610202613667960136e+01 3.656734647823756745e+01
2.170182324093215129e+02 1.616267927159016438e+01 3.670911560020471143e+01
2.171719133451806840e+02 1.625430473450275315e+01 3.678990719584778901e+01
2.173371837183718469e+02 1.628192636113428193e+01 3.687065849442087284e+01
2.175043279053180072e+02 1.639510874164339427e+01 3.699011109902198768e+01
2.177392940759277451e+02 1.656681455691356675e+01 3.718399037705968624e+01
2.181643374960206643e+02 1.684524313237184501e+01 3.757233525550357456e+01
2.182998102008002945e+02 1.684985110232635108e+01 3.762913599052212987e+01
2.178701970929693630e+02 1.662426205990562522e+01 3.730705158427930712e+01
2.162041348823526903e+02 1.598993782162098931e+01 3.619898491680670105e+01
2.147002159922951989e+02 1.532362576917032371e+01 3.532471177520682204e+01
2.139906974213904789e+02 1.495784322021945734e+01 3.480297956535580539e+01
2.137982204813887961e+02 1.466947335759216919e+01 3.465521222451915406e+01
2.137124098856772036e+02 1.452491567838102426e+01 3.459422663878109461e+01
2.140421326015385546e+02 1.471328836180321353e+01 3.482582800404582457e+01
2.145919115721095807e+02 1.493298395773643250e+01 3.518897512461868615e+01
2.151930511732491880e+02 1.520913776359320835e+01 3.561357326208811003e+01
2.158138940267653254e+02 1.545735361081895753e+01 3.595880632019245837e+01
2.161914554092771823e+02 1.565154922085615219e+01 3.625090769150175163e+01
2.164227263385679123e+02 1.580540947867680579e+01 3.642726177379642394e+01
2.164962664764644842e+02 1.589217310009389195e+01 3.645427692952445398e+01
2.162848942403397814e+02 1.575865480320925904e+01 3.625189496971675140e+01
2.160197919059305320e+02 1.564168248326664212e+01 3.609485325821959378e+01
2.158586580269748652e+02 1.549289764141249215e+01 3.596449022191596612e+01
2.158695503249958563e+02 1.547243277441297238e+01 3.596437336041296362e+01
2.160580721075770612e+02 1.562841265811562863e+01 3.609742421128559897e+01
2.163463311532618434e+02 1.577965562123977961e+01 3.630524829039680412e+01
2.164148200534339139e+02 1.591897266649741916e+01 3.632920489851182566e+01
2.166642669761481557e+02 1.607425138118207286e+01 3.648332708728748486e+01
2.169369653082524394e+02 1.630019100811179911e+01 3.667586447289417606e+01
2.171877742719326818e+02 1.644938486522644894e+01 3.684138267306584424e+01
2.173585451951788627e+02 1.653897935581104051e+01 3.690486466229040730e+01
2.174613369761884485e+02 1.652234472531502263e+01 3.697514275237047343e+01
2.177380912083882265e+02 1.653400065281253362e+01 3.712397393585512617e+01
2.180613462445145672e+02 1.660091796725460256e+01 3.731621513799731815e+01
2.182544397296872489e+02 1.665335251473865341e+01 3.740551948967790707e+01
2.183511889650503406e+02 1.669608957232719604e+01 3.758113009103107771e+01
2.179362057084829303e+02 1.652388810309602363e+01 3.740451810748840700e+01
2.162052027547076989e+02 1.586491414709236558e+01 3.625120790467325094e+01
2.145885931083950879e+02 1.506048993177706130e+01 3.526654295466176592e+01
2.138103821371148001e+02 1.460420217845960345e+01 3.482569502371482884e+01
2.134203790342404261e+02 1.433820726394983858e+01 3.448002272754747821e+01
2.135302348916210349e+02 1.437687834717537605e+01 3.438539311806638210e+01
2.139204596283804278e+02 1.450819440918450809e+01 3.461456255515661695e+01
2.145110111743775008e+02 1.476958739830026879e+01 3.500982845537301102e+01
2.152018157859741905e+02 1.504052676329903981e+01 3.540545501436590570e+01
2.158151653993238028e+02 1.530680375729880716e+01 3.575753051495625812e+01
2.163780570364728817e+02 1.567453869929117438e+01 3.615727341964965547e+01
2.165144001579645021e+02 1.583635359872983628e+01 3.628675596497378564e+01
2.163233980907248224e+02 1.573950160583823887e+01 3.619868067392820166e+01
2.159134600273214062e+02 1.550045737174450089e+01 3.591393754760091639e+01
2.156531046877581446e+02 1.529842398159229866e+01 3.569901715446270174e+01
2.155772857505530737e+02 1.523619120153773565e+01 3.558029997138908129e+01
2.156601647344221533e+02 1.530621743493030706e+01 3.555595449654855855e+01
2.157119948258562090e+02 1.535219236209335136e+01 3.557490419371607260e+01
2.159180679972759265e+02 1.545832275535245870e+01 3.571114254282571210e+01
2.161714499288756599e+02 1.560911640614610896e+01 3.588365228464238044e+01
2.163302909045483204e+02 1.571529515588921555e+01 3.602561080283852846e+01
2.164974532251760024e+02 1.584398384893434475e+01 3.617558642311117723e+01
2.166274676918241369e+02 1.588296320474538348e+01 3.629733999040929859e+01
2.167738085163827861e+02 1.592948415720692878e+01 3.639999073167390264e+01
2.171422990284376340e+02 1.611819533601711996e+01 3.668349875280568284e+01
2.173104204193313080e+02 1.616961036763017034e+01 3.669892245634819972e+01
2.174657474904999788e+02 1.623934847697223915e+01 3.678202911866278413e+01
2.175953448824735972e+02 1.628763645595328668e+01 3.685064898431235036e+01
2.173471209758338603e+02 1.620914380815370848e+01 3.668006544244168055e+01
2.160878778354025940e+02 1.574179652397474172e+01 3.594555261386944522e+01
2.146528971578476614e+02 1.517780074710767835e+01 3.500473893543200177e+01
2.134794605834209733e+02 1.460061775408310147e+01 3.422634864219022433e+01
2.130921855921855865e+02 1.439723441208589705e+01 3.395916697896895897e+01
2.130862095367045868e+02 1.441053043033241110e+01 3.392460015232292392e+01
2.134239574140564173e+02 1.456334094947956359e+01 3.411643838376511439e+01
2.139657978618374727e+02 1.472718480639272798e+01 3.455340570687105384e+01
2.145439701479305370e+02 1.498124171391498116e+01 3.495871162207795635e+01
2.151790136889146652e+02 1.533709304996433787e+01 3.549162425400049159e+01
2.157841104623282718e+02 1.563080630407363003e+01 3.592904693399742655e+01
2.158789758096688729e+02 1.562554350673162595e+01 3.597080678763847317e+01
2.156318943249636391e+02 1.544876227549494807e+01 3.569464492236769360e+01
2.152602888493977673e+02 1.524681552404324769e+01 3.545673908050145684e+01
2.150228766466390198e+02 1.517428281289667424e+01 3.536238752080335956e+01
2.149396873753309478e+02 1.522123494400722166e+01 3.532726660944482688e+01
2.150094899599850180e+02 1.523765398517873848e+01 3.539067807879688843e+01
2.149254161679904200e+02 1.522905660529422889e+01 3.530993282478431183e+01
2.150881881228415864e+02 1.533283163481183209e+01 3.541151972340091447e+01
2.153125400452133249e+02 1.551567556023001515e+01 3.559987830284860166e+01
2.155337367070040386e+02 1.567923330794617875e+01 3.576562216661226756e+01
2.157042275656137065e+02 1.576730053957776789e+01 3.589023682588039321e+01
2.158722300801508709e+02 1.580908054175380961e+01 3.592559750480542391e+01
2.161222069093356311e+02 1.586670938156086663e+01 3.602639055114302380e+01
2.164480570767699419e+02 1.604377470714104348e+01 3.623432746205023136e+01
2.166414487602606300e+02 1.614947190689764867e+01 3.634232562450384307e+01
2.167807496866902852e+02 1.624441583352474439e+01 3.644885294390245178e+01
2.167847189480852705e+02 1.623635440467123559e+01 3.640259593724940146e+01
2.161558186954226528e+02 1.587387823031387413e+01 3.592952646913042969e+01
2.144714475110514798e+02 1.516232062766716204e+01 3.495659602590295378e+01
2.130346151831300290e+02 1.460988406532960937e+01 3.404862042980855108e+01
2.119903327329069782e+02 1.412117127463662136e+01 3.341347816100291368e+01
2.117521911531812577e+02 1.393504918257393577e+01 3.325990804208625917e+01
2.119416417832259469e+02 1.397757871025197751e+01 3.336447692388286157e+01
2.124659429312894758e+02 1.406045164956056048e+01 3.371488815548221396e+01
2.129035912748784085e+02 1.433771160998883687e+01 3.403398050427753674e+01
2.134930890524949803e+02 1.470380444637870454e+01 3.442259134338342363e+01
2.142333421986887458e+02 1.510197778019560211e+01 3.483795540726233497e+01
2.145973375725851042e+02 1.517944083785667964e+01 3.502787952787952719e+01
2.145856131400685740e+02 1.518527786844618532e+01 3.499211587825449499e+01
2.143810611830413677e+02 1.521408019922871446e+01 3.495006185600244919e+01
2.140962233585995875e+02 1.522568374053522611e+01 3.482930564118682781e+01
2.139155413709869151e+02 1.517035586342517028e+01 3.481943890359731597e+01
2.138462042174913336e+02 1.508210729497858260e+01 3.478109624149227841e+01
2.138012125388362961e+02 1.498735074972698733e+01 3.475407101149675526e+01
2.138610959997098746e+02 1.508978791652059037e+01 3.480054562232780313e+01
2.141044399311726067e+02 1.523974540311174053e+01 3.493200070922843281e+01
2.143930334425383819e+02 1.525447801190375507e+01 3.507708023549607645e+01
2.146780123067251793e+02 1.531276369395181192e+01 3.513681862691763769e+01
2.148954270884964046e+02 1.544482726660944572e+01 3.530103926143529947e+01
2.150718899728800579e+02 1.558223221589558172e+01 3.540025064777540109e+01
2.154551896581599522e+02 1.576346425851376409e+01 3.563342762847713630e+01
2.156515532505631541e+02 1.581667452459531731e+01 3.576254951502476587e+01
2.157717795589082641e+02 1.585635706427785685e+01 3.583896887857284241e+01
2.159155695789359015e+02 1.600960077692750971e+01 3.596813710675096587e+01
2.161239981140971338e+02 1.617186498869667233e+01 3.615949580306016031e+01
2.163049803148813055e+02 1.617109934436667018e+01 3.625659965263925955e+01
2.161495041445536458e+02 1.598722179910298635e+01 3.613160620091313291e+01
2.145136264542205140e+02 1.520218248931120186e+01 3.514751346929564590e+01
2.128573926989768665e+02 1.442840016602392872e+01 3.399726987350749852e+01
2.119875663390514831e+02 1.406876292024806929e+01 3.352836107786603037e+01
2.116498688330371465e+02 1.397063753994447133e+01 3.339058741038939360e+01
2.115753051495625812e+02 1.407211362161857160e+01 3.337208904040587498e+01
2.118031125456868153e+02 1.422733793525872770e+01 3.344572387641694888e+01
2.122507726963172558e+02 1.443764229902843788e+01 3.376771358454526961e+01
2.131208065861531225e+02 1.481717622311681737e+01 3.431562478592181265e+01
2.136974072865162100e+02 1.501960049484801907e+01 3.469090132456469178e+01
2.141210403091591274e+02 1.523105533996623073e+01 3.499662915009449904e+01
2.142266428108012235e+02 1.525699657877875737e+01 3.504005327272653858e+01
2.140761836256885715e+02 1.514094706173914062e+01 3.490253549164440017e+01
2.138458536329823403e+02 1.513392932699863458e+01 3.470372788194570290e+01
2.136294563522286296e+02 1.505674431912055589e+01 3.461797773183911886e+01
2.132284199115882188e+02 1.495436759793195414e+01 3.436327607119686434e+01
2.131243406391921269e+02 1.500305250305250304e+01 3.433173958421483007e+01
2.132499405618217452e+02 1.518027498720567969e+01 3.442625233219292369e+01
2.134855172330419748e+02 1.535993745894736051e+01 3.460711565662060707e+01
2.137776347231792897e+02 1.547075037174047019e+01 3.475885225885225793e+01
2.140468916855055568e+02 1.546585024802846497e+01 3.482541092937132277e+01
2.143299745725488208e+02 1.557516008011057451e+01 3.493593773296743876e+01
2.147755977062907675e+02 1.580152282627530091e+01 3.519533803197169419e+01
2.149826279331229841e+02 1.587585681645087554e+01 3.532957160184882639e+01
2.151250236745286202e+02 1.589794364051789799e+01 3.540309159121040494e+01
2.152602525820347523e+02 1.589531022699339502e+01 3.550316936455550376e+01
2.153900474296513892e+02 1.593277642782593340e+01 3.550565770862800719e+01
2.155214360263865103e+02 1.601847419174151810e+01 3.560389793558110227e+01
2.155798466293515787e+02 1.604364978622404436e+01 3.564885536172664615e+01
2.154053018854999095e+02 1.594398707269994375e+01 3.553352917709353420e+01
2.153856610935818878e+02 1.592863187417642834e+01 3.554231393835354424e+01
2.154928533146354823e+02 1.600632261028300718e+01 3.564339309388814314e+01
2.156399879914731343e+02 1.612241040953912119e+01 3.578346167950128631e+01
2.157357620377422336e+02 1.615088834890815050e+01 3.575773401515975536e+01
2.155456203129470509e+02 1.601709200224051699e+01 3.562367976724412699e+01
2.144364998770939224e+02 1.565045515540565013e+01 3.497590638184697553e+01
2.129958252235479961e+02 1.510398860398860421e+01 3.418333756452568650e+01
2.118969704662773950e+02 1.465528677409865566e+01 3.352084970401801911e+01
2.116904600716482037e+02 1.448893643943148923e+01 3.338122438617487830e+01
2.117607542805562559e+02 1.443606265388443610e+01 3.336664490624886525e+01
2.121682543712246627e+02 1.463454990187663540e+01 3.364132988390414170e+01
2.128089112940598113e+02 1.488008599394738063e+01 3.411035151134161225e+01
2.132733370406637619e+02 1.508040877347808006e+01 3.445796209657595455e+01
2.136671864988696541e+02 1.528593390474578584e+01 3.465335654444564994e+01
2.140755872290525872e+02 1.546038596533646015e+01 3.490867475025891054e+01
2.142005988144601929e+02 1.559230446854209262e+01 3.495652147632345930e+01
2.141104099420930993e+02 1.555651261096805626e+01 3.488487328586338521e+01
2.138614586733398539e+02 1.544188759535294153e+01 3.473179680605423414e+01
2.135876219490080814e+02 1.531687198023831620e+01 3.449803148813050058e+01
2.136523692662306644e+02 1.530344701136780294e+01 3.454678691312354744e+01
2.138126347433278056e+02 1.531340038765781308e+01 3.463818469759063845e+01
2.140076483838860213e+02 1.535363298234585372e+01 3.480193184153580432e+01
2.143549124143183633e+02 1.543225861047643299e+01 3.503297106267403649e+01
2.147154281362202255e+02 1.560220747349460169e+01 3.527129800892176803e+01
2.150565770862800434e+02 1.570535185386670562e+01 3.550022364873849767e+01
2.152387863328457343e+02 1.585222661460285210e+01 3.553723852238703529e+01
2.153368996240283479e+02 1.586095697481836098e+01 3.551267745822201505e+01
2.154577283735699496e+02 1.597338378526497316e+01 3.552964050983852928e+01
2.156028864791240949e+02 1.610262051846210340e+01 3.558955419351458715e+01
2.157251901014277280e+02 1.612052249180961994e+01 3.566311246509266653e+01
2.158149880922158275e+02 1.612134858174461982e+01 3.571759611858621497e+01
2.159243039688584247e+02 1.616818183649866825e+01 3.583582167740583913e+01
2.160159616694270142e+02 1.628414068513078306e+01 3.592082230201042137e+01
2.163684784229338618e+02 1.640837655194090772e+01 3.616806698984916579e+01
2.165316049920010357e+02 1.632213276272682378e+01 3.624564690901324582e+01
2.166982837477887074e+02 1.632208440624282275e+01 3.629702365840979894e+01
2.168907022570388961e+02 1.642394331008192410e+01 3.641728623411791688e+01
2.169604585000624581e+02 1.648994789588849130e+01 3.649517039616049630e+01
2.161602896553391702e+02 1.615157541395165097e+01 3.593327006693343151e+01
2.143495226812058547e+02 1.530581244937680552e+01 3.475181034586974960e+01
2.128379050359248481e+02 1.457969551533907904e+01 3.378827919421978976e+01
2.122644313881937705e+02 1.434678651015284601e+01 3.341518272706391457e+01
2.121654658139806600e+02 1.432694826259182719e+01 3.340322658639490072e+01
2.123804990389148770e+02 1.445220968983345244e+01 3.355682491326055583e+01
2.128252154885818186e+02 1.472176082077072223e+01 3.382007358244982242e+01
2.133865053171983845e+02 1.502427092526102470e+01 3.421865794638071634e+01
2.140363237788980371e+02 1.539265867978739344e+01 3.471753365812772074e+01
2.147911745386992948e+02 1.576095979561326033e+01 3.528497281962628307e+01
2.150251594756545330e+02 1.588216129305238233e+01 3.543634876308143333e+01
2.149883239239674992e+02 1.587702140177387733e+01 3.537892745318487897e+01
2.146623830881256652e+02 1.572861132267072826e+01 3.514133189875764174e+01
2.142839371849272823e+02 1.564578271013914623e+01 3.489511075649689786e+01
2.140711323879640702e+02 1.561468143151311416e+01 3.476309352546976328e+01
2.140065805115310127e+02 1.561553774425061469e+01 3.473069065148273182e+01
2.138497967012818606e+02 1.559041252110559128e+01 3.463386888139363151e+01
2.139159141188844160e+02 1.567906406025217869e+01 3.461618249737061603e+01
2.140978553899346082e+02 1.565817607401765876e+01 3.464446701080364477e+01
2.142800122503092837e+02 1.567131493369117123e+01 3.466788766788766907e+01
2.144719471947194620e+02 1.573611866681173588e+01 3.477450968540077270e+01
2.146866016271956994e+02 1.582233223322332272e+01 3.489560641045789424e+01
2.149549277272049608e+02 1.588390615618338408e+01 3.517550179926417542e+01
2.153663003663003792e+02 1.610438351527460554e+01 3.554108286286503926e+01
2.155893204705085964e+02 1.624063999806574188e+01 3.569108467623318859e+01
2.157048159028356906e+02 1.623690042996973659e+01 3.579661061344229722e+01
2.157589388975527527e+02 1.619605330496419526e+01 3.580790588216331116e+01
2.158768723026148848e+02 1.626389342230926260e+01 3.584421152737984073e+01
2.160168844723300197e+02 1.639083523736989179e+01 3.596765354191096975e+01
2.159381439975499291e+02 1.647869292423747822e+01 3.586063258340485760e+01
2.152265944543172225e+02 1.617690816700717704e+01 3.546025701471246094e+01
2.135557348775170681e+02 1.548732858633848686e+01 3.436639909412186711e+01
2.123394403542918383e+02 1.489833049238989915e+01 3.363049198692763042e+01
2.116211692597831302e+02 1.460949922831111003e+01 3.322539763133822532e+01
2.114078264969353995e+02 1.452604198148752523e+01 3.310266484523910435e+01
2.115417457496665463e+02 1.460199994358410258e+01 3.322893974379122994e+01
2.121501972541576606e+02 1.480817385767880801e+01 3.364497878359264149e+01
2.127412847511857308e+02 1.501788786937301801e+01 3.402705948250502388e+01
2.133622746890073643e+02 1.517513106622017460e+01 3.440698025846540986e+01
2.139585282704094595e+02 1.550343532521750411e+01 3.480027764681229741e+01
2.143152883053873268e+02 1.564573838336214529e+01 3.500581889690800352e+01
2.143869788077708733e+02 1.561393190601111414e+01 3.503073457528903134e+01
2.142228266782722130e+02 1.542236970949842245e+01 3.479885314538779539e+01
2.137322582075057369e+02 1.509881043049359839e+01 3.437142010904387490e+01
2.132890851356197857e+02 1.482748421362282798e+01 3.405770137453306035e+01
2.131769263006886774e+02 1.476799364918176849e+01 3.398222899212998271e+01
2.131772970337326853e+02 1.487531280600587458e+01 3.399969575712150061e+01
2.133138698485233249e+02 1.504930346514504969e+01 3.410623718049460962e+01
2.135417316456920389e+02 1.531424259642081509e+01 3.431904197745782170e+01
2.138329223032193340e+02 1.551023948548701092e+01 3.450746301736401023e+01
2.143589461510253500e+02 1.571399960508871452e+01 3.481425065583481171e+01
2.146764850477721893e+02 1.582015619144332064e+01 3.506383257373356344e+01
2.149666158923584760e+02 1.596855216657196941e+01 3.526250317339426488e+01
2.151890657930262023e+02 1.613613156187413722e+01 3.543792034881143849e+01
2.153912341783628790e+02 1.624174010807674051e+01 3.556263978046155927e+01
2.155510080312060381e+02 1.633708096084333761e+01 3.568355516870368405e+01
2.156283904947271424e+02 1.639348879942939519e+01 3.568021857130767671e+01
2.155816015667500949e+02 1.637506296417187457e+01 3.555735884943806013e+01
2.155280064636500299e+02 1.637389233428837443e+01 3.554431267302554431e+01
2.155956652441800827e+02 1.643478523676543546e+01 3.556169884387706048e+01
2.157115434986721993e+02 1.650812791901900667e+01 3.561967423848611958e+01
2.156817297114326948e+02 1.646377897863046513e+01 3.556963535181356661e+01
2.146523249394536492e+02 1.592919401830292969e+01 3.493527283131243877e+01
2.128469134459233487e+02 1.526453213086876382e+01 3.392195263482392420e+01
2.121287733168921363e+02 1.489789729888739878e+01 3.356433628710856709e+01
2.115116095858670064e+02 1.461949491652461930e+01 3.321439250152121758e+01
2.113640840274503603e+02 1.449009095048699081e+01 3.313425170355863258e+01
